10
Niveau 1
;8;;2;1;5;;3;;2;;;;;;;;5;;;5;;;;6;;;3;1;;4;;6;;5;8;;;;;9;;;;;4;2;;1;;3;;6;9;;;6;;;;1;;;7;;;;;;;;4;;4;;7;8;9;;2;;
Niveau 2
8;;;3;;4;;;6;;7;;6;;8;;5;;;;1;;;;8;;;;;7;8;;5;2;;;6;;;;;;;;3;;;2;9;;1;4;;;;;6;;;;1;;;;5;;1;;6;;9;;4;;;2;;9;;;7;
Niveau 3
;5;;;8;;;9;;;;1;4;;9;7;;;9;;;;;;;;5;6;;5;;;;2;;7;;;;3;;8;;;;1;;2;;;;3;;9;7;;;;;;;;6;;;3;8;;6;9;;;;9;;;4;;;1;;
Niveau 4
8;;9;;;;2;;5;;6;2;5;;8;3;4;;3;;;;;;;;8;;;;2;;7;;;;;5;;;1;;;7;;;;;9;;6;;;;5;;;;;;;;3;;3;8;4;;1;6;5;;7;;6;;;;8;;4;
Niveau 5
5;;;;1;;;;6;1;;;5;;6;;;7;;;;7;;9;;;;9;;3;;;;4;;2;;6;4;;;;8;1;;7;;5;;;;9;;3;;;;3;;4;;;;4;;;2;;7;;;9;3;;;;8;;;;4;
Niveau 6
;;;6;7;4;;;;4;;;1;;3;;;;;;3;;;;;;;8;;2;;;;3;;7;;5;;;;;;1;;1;;6;;;;8;;9;;;9;;;;6;;;5;;;7;;2;;;3;;;;4;8;9;;;;
Niveau 7
;2;;3;;7;;4;;3;;;8;;9;;;5;;7;;;2;;;3;;;;1;;;;7;;;6;9;;;;;;5;3;;;5;;;;8;;;;5;;;3;;;8;;8;;;7;;4;;;9;;4;;6;;1;;2;;
Niveau 8
;9;;5;1;6;;7;;8;;;;;;;;4;;;7;;;;9;;;1;5;;4;;2;;6;8;;;;;3;;;;;2;7;;6;;1;;4;3;;;2;;;;3;;;9;;;;;;;;6;;4;;3;6;9;;8;;
Niveau 9
;6;;1;2;7;;3;;4;;;;;;;;2;;;2;;;;5;;;6;5;;9;;4;;2;8;;;;;8;;;;;8;3;;2;;1;;6;7;;;6;;;;7;;;1;;;;;;;;6;;2;;6;1;5;;4;;
Impossible
1;;5;;;;8;;4;;2;;;;;;5;;7;;3;;;;6;;2;;;;4;;3;;;;;;;;5;;;;;;;;1;;6;;;;3;;4;;;;7;;1;;5;;;;;;8;;6;;1;;;;3;;9;
